188
17 2
0 2 1 5
0 2 0 2
0 2 1 3
0 3 2 4 9
0 3 3 5 6
0 2 0 4
0 2 4 7
0 2 6 8
0 3 7 9 13
0 3 3 8 10
0 2 9 11
0 2 10 12
0 3 11 13 14
0 2 8 12
1 3 12 15 16
2 1 14
2 1 14
13 0
0 2 1 9
0 2 0 2
0 3 1 3 7
0 2 2 4
0 2 3 5
0 2 4 6
1 2 5 7
0 3 2 6 8
0 3 7 9 10
0 2 0 8
1 3 8 11 12
2 1 10
2 1 10
13 0
0 2 1 9
0 2 0 2
0 3 1 3 7
0 3 2 4 8
0 2 3 5
0 2 4 6
0 2 5 7
1 2 2 6
0 3 3 9 10
0 2 0 8
1 3 8 11 12
2 1 10
2 1 10
19 2
0 2 1 5
0 2 0 2
0 2 1 3
0 3 2 4 12
0 3 3 5 6
0 2 0 4
0 3 4 7 11
0 2 6 8
0 2 7 9
0 2 8 10
0 3 9 11 15
0 3 6 10 12
0 3 3 11 13
0 3 12 14 16
0 2 13 15
0 2 10 14
1 3 13 17 18
2 1 16
2 1 16
11 0
0 2 1 5
0 2 0 2
0 3 1 3 10
0 3 2 4 7
0 2 3 5
0 3 0 4 6
3 1 5
1 3 3 8 9
2 1 7
2 1 7
3 1 2
28 2
0 2 1 9
0 2 0 2
0 3 1 3 7
0 3 2 4 25
0 2 3 5
0 3 4 6 22
0 3 5 7 15
0 3 2 6 8
0 3 7 9 13
0 3 0 8 10
0 3 9 11 19
0 2 10 12
0 3 11 13 16
0 3 8 12 14
0 2 13 15
0 2 6 14
1 3 12 17 18
2 1 16
2 1 16
1 3 10 20 21
2 1 19
2 1 19
1 3 5 23 24
2 1 22
2 1 22
1 3 3 26 27
2 1 25
2 1 25
16 0
0 1 1
0 3 0 2 6
0 2 1 3
0 3 2 4 10
0 2 3 5
0 2 4 6
0 3 1 5 7
1 3 6 8 9
2 1 7
2 1 7
0 3 3 11 15
0 2 10 12
0 2 11 13
0 2 12 14
0 2 13 15
0 2 10 14
20 2
0 1 1
0 3 0 2 3
2 1 1
2 2 1 4
0 3 3 5 9
0 2 4 6
0 2 5 7
0 3 6 8 12
0 3 7 9 10
0 2 4 8
0 2 8 11
0 3 10 12 16
0 3 7 11 13
0 2 12 14
0 2 13 15
0 3 14 16 17
0 2 11 15
1 3 15 18 19
2 1 17
2 1 17
12 0
0 2 1 8
0 2 0 2
0 3 1 3 6
1 2 2 4
0 2 3 5
1 2 4 6
0 3 2 5 7
0 2 6 8
0 3 0 7 9
1 3 8 10 11
2 1 9
2 1 9
17 2
0 1 1
0 3 0 2 6
0 2 1 3
0 2 2 4
0 3 3 5 9
0 3 4 6 7
0 2 1 5
0 2 5 8
0 3 7 9 13
0 3 4 8 10
0 2 9 11
0 2 10 12
0 3 11 13 14
0 2 8 12
1 3 12 15 16
2 1 14
2 1 14
17 2
0 2 1 5
0 2 0 2
0 2 1 3
0 3 2 4 9
0 3 3 5 6
0 2 0 4
0 2 4 7
0 3 6 8 14
0 3 7 9 13
0 3 3 8 10
0 2 9 11
0 2 10 12
0 2 11 13
0 2 8 12
1 3 7 15 16
2 1 14
2 1 14
20 2
0 2 1 9
0 2 0 2
0 3 1 3 7
0 2 2 4
0 2 3 5
0 3 4 6 17
0 3 5 7 15
0 3 2 6 8
0 3 7 9 13
0 3 0 8 10
0 2 9 11
0 2 10 12
0 3 11 13 16
0 3 8 12 14
0 2 13 15
0 2 6 14
1 1 12
1 3 5 18 19
2 1 17
2 1 17
22 2
0 2 1 5
0 2 0 2
0 2 1 3
0 3 2 4 12
0 3 3 5 6
0 2 0 4
0 3 4 7 11
0 2 6 8
0 2 7 9
0 3 8 10 19
0 3 9 11 15
0 3 6 10 12
0 3 3 11 13
0 2 12 14
0 3 13 15 16
0 2 10 14
1 3 14 17 18
2 1 16
2 1 16
1 3 9 20 21
2 1 19
2 1 19
13 0
0 1 1
1 3 0 2 9
0 3 1 3 7
0 2 2 4
0 3 3 5 10
0 2 4 6
0 2 5 7
0 3 2 6 8
0 2 7 9
1 2 1 8
1 3 4 11 12
2 1 10
2 1 10
19 2
0 2 1 13
0 2 0 2
0 3 1 3 11
0 2 2 4
0 2 3 5
0 3 4 6 10
0 2 5 7
0 2 6 8
0 3 7 9 16
0 3 8 10 15
0 3 5 9 11
0 3 2 10 12
0 3 11 13 14
0 2 0 12
0 2 12 15
0 2 9 14
1 3 8 17 18
2 1 16
2 1 16
22 2
0 2 1 5
0 2 0 2
0 2 1 3
0 3 2 4 12
0 3 3 5 6
0 2 0 4
0 3 4 7 11
0 2 6 8
0 2 7 9
0 3 8 10 19
0 3 9 11 15
0 3 6 10 12
0 3 3 11 13
0 2 12 14
0 2 13 15
0 3 10 14 16
1 3 15 17 18
2 1 16
2 1 16
1 3 9 20 21
2 1 19
2 1 19
11 0
0 2 1 5
0 2 0 2
0 3 1 3 10
0 3 2 4 7
0 3 3 5 6
0 2 0 4
1 1 4
1 3 3 8 9
2 1 7
2 1 7
1 1 2
17 2
0 2 1 5
0 2 0 2
0 2 1 3
0 3 2 4 12
0 3 3 5 6
0 2 0 4
0 3 4 7 11
0 2 6 8
0 3 7 9 14
0 2 8 10
0 2 9 11
0 3 6 10 12
0 3 3 11 13
2 1 12
1 3 8 15 16
2 1 14
2 1 14
13 0
0 2 1 9
0 2 0 2
0 3 1 3 7
0 2 2 4
0 3 3 5 10
0 2 4 6
0 2 5 7
0 3 2 6 8
1 2 7 9
0 2 0 8
1 3 4 11 12
2 1 10
2 1 10
18 2
0 2 1 5
0 2 0 2
0 3 1 3 10
0 3 2 4 8
0 2 3 5
0 3 0 4 6
0 2 5 7
1 1 6
0 2 3 9
0 3 8 10 14
0 3 2 9 11
0 2 10 12
0 2 11 13
0 3 12 14 15
0 2 9 13
1 3 13 16 17
2 1 15
2 1 15
18 2
0 2 1 5
0 2 0 2
0 3 1 3 9
0 2 2 4
0 3 3 5 6
0 2 0 4
1 3 4 7 8
2 1 6
2 1 6
0 3 2 10 14
0 2 9 11
0 2 10 12
0 3 11 13 15
0 2 12 14
0 2 9 13
1 3 12 16 17
2 1 15
2 1 15
17 2
0 2 1 5
0 2 0 2
0 3 1 3 11
0 3 2 4 9
0 2 3 5
0 3 0 4 6
1 3 5 7 8
2 1 6
2 1 6
0 2 3 10
0 3 9 11 15
0 3 2 10 12
0 2 11 13
0 2 12 14
0 3 13 15 16
0 2 10 14
4 1 14
23 2
0 2 1 5
0 2 0 2
0 2 1 3
0 3 2 4 9
0 3 3 5 6
0 2 0 4
0 2 4 7
0 2 6 8
0 3 7 9 17
0 3 3 8 10
0 2 9 11
0 3 10 12 16
0 2 11 13
0 2 12 14
0 2 13 15
0 3 14 16 19
0 3 11 15 17
0 3 8 16 18
0 2 17 19
0 3 15 18 20
1 3 19 21 22
2 1 20
2 1 20
27 2
0 2 1 17
0 2 0 2
0 3 1 3 19
0 2 2 4
0 2 3 5
0 3 4 6 20
0 2 5 7
0 2 6 8
0 3 7 9 21
0 3 8 10 24
0 2 9 11
0 3 10 12 22
0 2 11 13
0 2 12 14
0 3 13 15 23
0 2 14 16
0 2 15 17
0 3 0 16 18
0 3 17 19 23
0 3 2 18 20
0 3 5 19 21
0 3 8 20 22
0 3 11 21 23
0 3 14 18 22
1 3 9 25 26
2 1 24
2 1 24
17 2
0 2 1 5
0 2 0 2
0 3 1 3 11
0 3 2 4 9
0 2 3 5
0 3 0 4 6
1 3 5 7 8
2 1 6
2 1 6
0 2 3 10
0 3 9 11 15
0 3 2 10 12
0 2 11 13
0 2 12 14
0 3 13 15 16
0 2 10 14
2 1 14
13 2
0 2 1 5
0 2 0 2
0 3 1 3 12
0 3 2 4 9
0 2 3 5
0 3 0 4 6
1 3 5 7 8
2 1 6
2 1 6
1 3 3 10 11
2 1 9
2 1 9
5 1 2
23 2
0 2 1 5
0 2 0 2
0 2 1 3
0 3 2 4 17
0 3 3 5 6
0 2 0 4
0 2 4 7
0 3 6 8 16
0 2 7 9
0 2 8 10
0 3 9 11 15
0 2 10 12
0 2 11 13
0 3 12 14 20
0 3 13 15 19
0 3 10 14 16
0 3 7 15 17
0 3 3 16 18
0 2 17 19
0 2 14 18
1 3 13 21 22
2 1 20
2 1 20
17 2
0 2 1 5
0 2 0 2
0 3 1 3 11
0 3 2 4 9
0 2 3 5
0 3 0 4 6
1 3 5 7 8
2 1 6
2 1 6
0 2 3 10
0 3 9 11 15
0 3 2 10 12
0 2 11 13
0 2 12 14
0 3 13 15 16
0 2 10 14
3 1 14
23 2
0 2 1 5
0 2 0 2
0 3 1 3 12
0 3 2 4 9
0 2 3 5
0 3 0 4 6
1 3 5 7 8
2 1 6
2 1 6
0 3 3 10 11
2 1 9
0 3 9 12 16
0 3 2 11 13
0 3 12 14 20
0 2 13 15
0 3 14 16 17
0 2 11 15
1 3 15 18 19
2 1 17
2 1 17
1 3 13 21 22
2 1 20
2 1 20
23 2
0 2 1 17
0 2 0 2
0 2 1 3
0 3 2 4 16
0 2 3 5
0 3 4 6 14
0 3 5 7 11
0 2 6 8
0 2 7 9
0 2 8 10
0 3 9 11 19
0 3 6 10 12
0 3 11 13 18
0 2 12 14
0 3 5 13 15
0 2 14 16
0 3 3 15 17
0 2 0 16
0 2 12 19
0 3 10 18 20
1 3 19 21 22
2 1 20
2 1 20
22 2
0 2 1 5
0 2 0 2
0 2 1 3
0 3 2 4 12
0 3 3 5 6
0 2 0 4
0 3 4 7 11
0 2 6 8
0 2 7 9
0 2 8 10
0 3 9 11 15
0 3 6 10 12
0 3 3 11 13
0 3 12 14 19
0 3 13 15 16
0 2 10 14
1 3 14 17 18
2 1 16
2 1 16
1 3 13 20 21
2 1 19
2 1 19
24 2
0 2 1 5
0 2 0 2
0 3 1 3 21
0 3 2 4 18
0 2 3 5
0 3 0 4 6
0 3 5 7 11
0 2 6 8
0 2 7 9
0 3 8 10 15
0 2 9 11
0 3 6 10 12
1 3 11 13 14
2 1 12
2 1 12
1 3 9 16 17
2 1 15
2 1 15
1 3 3 19 20
2 1 18
2 1 18
1 3 2 22 23
2 1 21
2 1 21
23 2
0 2 1 5
0 2 0 2
0 3 1 3 15
0 3 2 4 13
0 2 3 5
0 3 0 4 6
1 2 5 7
0 3 6 8 9
2 1 7
0 4 7 10 11 12
3 1 9
3 1 9
3 1 9
0 2 3 14
0 3 13 15 19
0 3 2 14 16
0 2 15 17
0 2 16 18
0 3 17 19 20
0 2 14 18
1 3 18 21 22
2 1 20
2 1 20
13 0
0 2 1 9
0 2 0 2
0 2 1 3
0 3 2 4 8
0 2 3 5
0 3 4 6 10
0 2 5 7
0 2 6 8
0 3 3 7 9
0 2 0 8
1 3 5 11 12
2 1 10
2 1 10
17 2
0 2 1 5
0 2 0 2
0 3 1 3 9
0 3 2 4 7
0 2 3 5
0 3 0 4 6
1 1 5
0 2 3 8
0 3 7 9 13
0 3 2 8 10
0 2 9 11
0 2 10 12
0 3 11 13 14
0 2 8 12
1 3 12 15 16
2 1 14
2 1 14
14 0
0 1 1
0 3 0 2 10
0 2 1 3
0 3 2 4 8
0 2 3 5
0 2 4 6
0 2 5 7
0 2 6 8
0 3 3 7 9
0 2 8 10
0 3 1 9 11
1 3 10 12 13
2 1 11
2 1 11
17 2
0 2 1 5
0 2 0 2
0 2 1 3
0 3 2 4 6
0 2 3 5
0 2 0 4
0 2 3 7
0 2 6 8
0 3 7 9 13
0 2 8 10
0 2 9 11
0 3 10 12 14
0 2 11 13
0 2 8 12
1 3 11 15 16
2 1 14
2 1 14
15 0
0 2 1 5
0 2 0 2
0 2 1 3
0 3 2 4 6
0 2 3 5
0 2 0 4
0 3 3 7 11
0 2 6 8
0 2 7 9
0 3 8 10 12
0 2 9 11
0 2 6 10
1 3 9 13 14
2 1 12
2 1 12
15 0
0 1 1
2 2 0 2
0 3 1 3 11
0 2 2 4
0 3 3 5 9
0 2 4 6
0 2 5 7
0 2 6 8
1 2 7 9
0 3 4 8 10
0 3 9 11 12
0 2 2 10
1 3 10 13 14
2 1 12
2 1 12
13 0
0 2 1 5
0 2 0 2
0 2 1 3
0 3 2 4 9
0 3 3 5 6
0 2 0 4
0 2 4 7
0 2 6 8
0 2 7 9
0 3 3 8 10
1 3 9 11 12
2 1 10
2 1 10
17 2
0 2 1 5
0 2 0 2
0 3 1 3 11
0 3 2 4 9
0 2 3 5
0 3 0 4 6
1 3 5 7 8
2 1 6
2 1 6
0 2 3 10
0 3 9 11 15
0 3 2 10 12
0 2 11 13
0 2 12 14
0 3 13 15 16
0 2 10 14
6 1 14
13 0
0 1 1
1 3 0 2 9
0 2 1 3
0 3 2 4 8
0 2 3 5
0 3 4 6 10
0 2 5 7
0 2 6 8
0 3 3 7 9
1 2 1 8
1 3 5 11 12
2 1 10
2 1 10
19 2
0 2 1 5
0 2 0 2
0 2 1 3
0 3 2 4 12
0 3 3 5 6
0 2 0 4
0 3 4 7 11
0 2 6 8
0 2 7 9
0 2 8 10
0 3 9 11 15
0 3 6 10 12
0 3 3 11 13
0 2 12 14
0 3 13 15 16
0 2 10 14
1 3 14 17 18
2 1 16
2 1 16
17 2
0 2 1 5
0 2 0 2
0 2 1 3
0 3 2 4 9
0 3 3 5 6
0 2 0 4
0 2 4 7
0 2 6 8
0 3 7 9 13
0 3 3 8 10
0 2 9 11
0 2 10 12
0 3 11 13 14
0 2 8 12
1 3 12 15 16
2 1 14
2 1 14
12 2
0 2 1 5
0 2 0 2
0 3 1 3 9
0 2 2 4
0 2 3 5
0 3 0 4 6
1 3 5 7 8
2 1 6
2 1 6
1 3 2 10 11
2 1 9
2 1 9
23 2
0 2 1 9
0 2 0 2
0 3 1 3 7
0 2 2 4
0 3 3 5 22
0 3 4 6 19
0 3 5 7 15
0 3 2 6 8
0 3 7 9 13
0 3 0 8 10
0 2 9 11
0 2 10 12
0 3 11 13 16
0 3 8 12 14
0 2 13 15
0 2 6 14
1 3 12 17 18
2 1 16
2 1 16
0 2 5 20
0 2 19 21
0 2 20 22
0 2 4 21
22 2
0 2 1 5
0 3 0 2 19
0 2 1 3
0 3 2 4 18
0 3 3 5 9
0 3 0 4 6
0 2 5 7
0 2 6 8
0 3 7 9 13
0 3 4 8 10
0 3 9 11 17
0 2 10 12
0 3 11 13 14
0 2 8 12
1 3 12 15 16
2 1 14
2 1 14
0 2 10 18
0 2 3 17
1 3 1 20 21
2 1 19
2 1 19
17 2
0 2 1 13
0 2 0 2
0 2 1 3
0 3 2 4 12
0 2 3 5
0 3 4 6 10
0 2 5 7
0 3 6 8 14
0 2 7 9
0 2 8 10
0 3 5 9 11
0 2 10 12
0 3 3 11 13
0 2 0 12
1 3 7 15 16
2 1 14
2 1 14
20 2
0 2 1 5
0 2 0 2
0 3 1 3 16
0 3 2 4 9
0 2 3 5
0 3 0 4 6
1 3 5 7 8
2 1 6
2 1 6
1 2 3 10
0 3 9 11 15
0 2 10 12
0 3 11 13 17
0 2 12 14
0 2 13 15
0 3 10 14 16
1 2 2 15
1 3 12 18 19
2 1 17
2 1 17
16 2
0 2 1 12
0 2 0 2
0 3 1 3 7
0 3 2 4 11
0 2 3 5
0 2 4 6
0 2 5 7
0 3 2 6 8
1 3 7 9 10
2 1 8
2 1 8
0 3 3 12 13
0 2 0 11
1 3 11 14 15
2 1 13
2 1 13
26 2
0 2 1 9
0 2 0 2
0 3 1 3 7
0 3 2 4 23
0 2 3 5
0 2 4 6
0 3 5 7 15
0 3 2 6 8
0 3 7 9 13
0 3 0 8 10
0 2 9 11
0 2 10 12
0 3 11 13 20
0 3 8 12 14
0 3 13 15 19
0 3 6 14 16
0 2 15 17
0 2 16 18
0 2 17 19
0 2 14 18
1 3 12 21 22
2 1 20
2 1 20
1 3 3 24 25
2 1 23
2 1 23
26 2
0 2 1 13
0 2 0 2
0 3 1 3 11
0 2 2 4
0 2 3 5
0 3 4 6 10
0 3 5 7 23
0 2 6 8
0 3 7 9 20
0 3 8 10 15
0 3 5 9 11
0 3 2 10 12
0 3 11 13 14
0 2 0 12
0 3 12 15 19
0 3 9 14 16
0 2 15 17
0 2 16 18
0 2 17 19
0 2 14 18
1 3 8 21 22
2 1 20
2 1 20
1 3 6 24 25
2 1 23
2 1 23
19 2
0 2 1 5
0 2 0 2
0 3 1 3 11
0 3 2 4 9
0 2 3 5
0 3 0 4 6
1 3 5 7 8
2 1 6
2 1 6
0 2 3 10
0 3 9 11 15
0 3 2 10 12
0 2 11 13
0 2 12 14
0 3 13 15 16
0 2 10 14
1 3 14 17 18
2 1 16
2 1 16
19 2
0 2 1 5
0 2 0 2
0 3 1 3 16
0 3 2 4 9
0 2 3 5
0 3 0 4 6
1 3 5 7 8
2 1 6
2 1 6
2 2 3 10
0 3 9 11 15
0 2 10 12
0 3 11 13 18
0 3 12 14 17
0 2 13 15
0 3 10 14 16
2 2 2 15
5 1 13
5 1 12
14 0
0 1 1
0 3 0 2 10
0 3 1 3 7
0 2 2 4
0 2 3 5
0 2 4 6
0 2 5 7
0 3 2 6 8
0 2 7 9
0 2 8 10
0 3 1 9 11
1 3 10 12 13
2 1 11
2 1 11
17 2
0 2 1 5
0 2 0 2
0 2 1 3
0 3 2 4 13
0 3 3 5 6
0 2 0 4
1 2 4 7
0 3 6 8 12
0 2 7 9
0 2 8 10
0 3 9 11 14
0 2 10 12
0 3 7 11 13
1 2 3 12
1 3 10 15 16
2 1 14
2 1 14
21 2
0 2 1 5
0 2 0 2
0 3 1 3 18
0 2 2 4
0 2 3 5
0 3 0 4 6
0 3 5 7 11
0 2 6 8
0 2 7 9
0 3 8 10 15
0 2 9 11
0 3 6 10 12
1 3 11 13 14
2 1 12
2 1 12
1 3 9 16 17
2 1 15
2 1 15
1 3 2 19 20
2 1 18
2 1 18
25 2
0 2 1 9
0 2 0 2
0 3 1 3 18
0 3 2 4 8
0 3 3 5 16
0 2 4 6
0 2 5 7
0 3 6 8 12
0 3 3 7 9
0 3 0 8 10
0 2 9 11
0 2 10 12
0 3 7 11 13
1 3 12 14 15
2 1 13
2 1 13
0 2 4 17
0 3 16 18 22
0 3 2 17 19
0 3 18 20 24
0 3 19 21 23
0 2 20 22
0 2 17 21
2 1 20
2 1 19
23 2
0 2 1 5
0 2 0 2
0 2 1 3
0 3 2 4 9
0 3 3 5 6
0 2 0 4
0 2 4 7
0 2 6 8
0 3 7 9 13
0 3 3 8 10
0 3 9 11 19
0 3 10 12 17
0 3 11 13 14
0 2 8 12
0 2 12 15
0 2 14 16
0 2 15 17
0 3 11 16 18
0 3 17 19 20
0 2 10 18
1 3 18 21 22
2 1 20
2 1 20
19 2
0 2 1 9
0 2 0 2
0 3 1 3 7
0 2 2 4
0 3 3 5 16
0 2 4 6
0 3 5 7 13
0 3 2 6 8
0 3 7 9 10
0 2 0 8
1 3 8 11 12
2 1 10
2 1 10
1 3 6 14 15
2 1 13
2 1 13
1 3 4 17 18
2 1 16
2 1 16
17 2
0 2 1 5
0 2 0 2
0 3 1 3 11
0 3 2 4 9
0 2 3 5
0 3 0 4 6
1 3 5 7 8
2 1 6
2 1 6
0 2 3 10
0 3 9 11 15
0 3 2 10 12
0 2 11 13
0 2 12 14
0 3 13 15 16
0 2 10 14
5 1 14
11 0
0 2 1 5
0 2 0 2
0 3 1 3 10
0 3 2 4 9
0 2 3 5
0 3 0 4 6
1 3 5 7 8
2 1 6
2 1 6
2 1 3
1 1 2
23 2
0 2 1 4
0 2 0 2
0 3 1 3 20
2 2 2 4
0 3 0 3 5
0 2 4 6
0 2 5 7
0 3 6 8 9
2 1 7
1 2 7 10
1 2 9 11
0 2 10 12
0 3 11 13 16
0 2 12 14
0 2 13 15
0 3 14 16 17
2 2 12 15
1 3 15 18 19
2 1 17
2 1 17
1 3 2 21 22
2 1 20
2 1 20
20 2
0 2 1 5
0 2 0 2
0 3 1 3 12
0 3 2 4 9
0 2 3 5
0 3 0 4 6
1 3 5 7 8
2 1 6
2 1 6
0 3 3 10 11
2 1 9
0 3 9 12 16
0 3 2 11 13
0 2 12 14
0 2 13 15
0 3 14 16 17
0 2 11 15
1 3 15 18 19
2 1 17
2 1 17
16 0
0 2 1 5
0 2 0 2
0 2 1 3
0 3 2 4 9
0 3 3 5 6
0 2 0 4
0 2 4 7
0 3 6 8 13
0 2 7 9
0 3 3 8 10
1 3 9 11 12
2 1 10
2 1 10
1 3 7 14 15
2 1 13
2 1 13
16 0
0 2 1 5
0 2 0 2
0 3 1 3 9
0 2 2 4
0 3 3 5 6
0 2 0 4
1 3 4 7 8
2 1 6
2 1 6
0 3 2 10 14
0 2 9 11
0 2 10 12
0 3 11 13 15
0 2 12 14
0 2 9 13
1 1 12
20 2
0 2 1 5
0 2 0 2
0 2 1 3
0 3 2 4 12
0 3 3 5 6
0 2 0 4
0 3 4 7 11
0 2 6 8
0 2 7 9
0 2 8 10
0 3 9 11 15
0 3 6 10 12
0 3 3 11 13
0 3 12 14 17
0 3 13 15 16
0 2 10 14
2 1 14
1 3 13 18 19
2 1 17
2 1 17
23 2
0 2 1 5
0 2 0 2
0 2 1 3
0 3 2 4 17
0 3 3 5 6
0 2 0 4
0 2 4 7
0 3 6 8 16
0 2 7 9
0 2 8 10
0 3 9 11 15
0 3 10 12 20
0 2 11 13
0 2 12 14
0 3 13 15 19
0 3 10 14 16
0 3 7 15 17
0 3 3 16 18
0 2 17 19
0 2 14 18
1 3 11 21 22
2 1 20
2 1 20
19 2
0 2 1 5
0 2 0 2
0 3 1 3 15
0 3 2 4 9
0 3 3 5 6
0 2 0 4
1 3 4 7 8
2 1 6
2 1 6
0 3 3 10 14
0 2 9 11
0 2 10 12
0 3 11 13 16
0 2 12 14
0 3 9 13 15
0 2 2 14
1 3 12 17 18
2 1 16
2 1 16
14 0
0 2 1 5
0 2 0 2
0 3 1 3 13
0 3 2 4 9
0 2 3 5
0 3 0 4 6
1 3 5 7 8
2 1 6
2 1 6
0 3 3 10 11
2 1 9
0 3 9 12 13
2 1 11
1 2 2 11
26 2
0 2 1 9
0 2 0 2
0 3 1 3 7
0 2 2 4
0 2 3 5
0 3 4 6 23
0 3 5 7 15
0 3 2 6 8
0 3 7 9 13
0 3 0 8 10
0 2 9 11
0 2 10 12
0 3 11 13 20
0 3 8 12 14
0 3 13 15 19
0 3 6 14 16
0 2 15 17
0 2 16 18
0 2 17 19
0 2 14 18
1 3 12 21 22
2 1 20
2 1 20
1 3 5 24 25
2 1 23
2 1 23
16 2
0 2 1 5
0 2 0 2
0 2 1 3
0 3 2 4 8
0 3 3 5 6
0 2 0 4
0 2 4 7
0 3 6 8 12
0 3 3 7 9
0 2 8 10
0 2 9 11
0 3 10 12 13
0 2 7 11
1 3 11 14 15
2 1 13
2 1 13
16 0
0 2 1 5
0 2 0 2
0 2 1 3
0 3 2 4 13
0 3 3 5 6
0 2 0 4
0 3 4 7 11
0 2 6 8
0 2 7 9
0 2 8 10
0 3 9 11 12
0 2 6 10
1 1 10
1 3 3 14 15
2 1 13
2 1 13
23 2
0 2 1 9
0 2 0 2
0 3 1 3 7
0 2 2 4
0 2 3 5
0 2 4 6
0 3 5 7 11
0 3 2 6 8
0 3 7 9 10
0 2 0 8
0 3 8 11 19
0 3 6 10 12
0 2 11 13
0 3 12 14 18
0 2 13 15
0 3 14 16 20
0 2 15 17
0 2 16 18
0 3 13 17 19
0 2 10 18
1 3 15 21 22
2 1 20
2 1 20
18 2
0 2 1 5
0 2 0 2
0 3 1 3 15
0 2 2 4
0 2 3 5
0 3 0 4 6
0 3 5 7 11
0 2 6 8
0 2 7 9
0 3 8 10 12
0 2 9 11
0 2 6 10
1 3 9 13 14
2 1 12
2 1 12
1 3 2 16 17
2 1 15
2 1 15
10 0
0 2 1 5
0 2 0 2
0 2 1 3
0 3 2 4 9
0 3 3 5 6
0 2 0 4
1 3 4 7 8
2 1 6
2 1 6
5 1 3
16 0
0 2 1 5
0 2 0 2
0 2 1 3
0 3 2 4 15
0 3 3 5 6
0 2 0 4
0 3 4 7 11
0 2 6 8
0 2 7 9
0 2 8 10
0 3 9 11 12
0 2 6 10
1 3 10 13 14
2 1 12
2 1 12
1 1 3
16 0
0 1 1
0 3 0 2 6
0 2 1 3
0 2 2 4
0 2 3 5
0 2 4 6
0 3 1 5 7
0 3 6 8 12
0 2 7 9
0 2 8 10
0 3 9 11 13
0 2 10 12
0 2 7 11
1 3 10 14 15
2 1 13
2 1 13
17 2
0 2 1 5
0 2 0 2
0 2 1 3
0 3 2 4 13
0 3 3 5 6
0 2 0 4
2 2 4 7
0 3 6 8 12
0 2 7 9
0 2 8 10
0 3 9 11 14
0 2 10 12
0 3 7 11 13
2 2 3 12
1 3 10 15 16
2 1 14
2 1 14
19 2
0 2 1 9
0 2 0 2
0 3 1 3 7
0 2 2 4
0 2 3 5
0 2 4 6
0 3 5 7 11
0 3 2 6 8
0 3 7 9 10
0 2 0 8
0 3 8 11 15
0 3 6 10 12
0 3 11 13 16
0 2 12 14
0 2 13 15
0 2 10 14
1 3 12 17 18
2 1 16
2 1 16
12 2
0 2 1 5
0 2 0 2
0 3 1 3 9
0 2 2 4
0 3 3 5 6
0 2 0 4
1 3 4 7 8
2 1 6
2 1 6
1 3 2 10 11
2 1 9
2 1 9
25 2
0 2 1 5
0 2 0 2
0 2 1 3
0 3 2 4 12
0 3 3 5 6
0 2 0 4
0 3 4 7 11
0 2 6 8
0 2 7 9
0 3 8 10 22
0 3 9 11 15
0 3 6 10 12
0 3 3 11 13
0 3 12 14 19
0 3 13 15 16
0 2 10 14
1 3 14 17 18
2 1 16
2 1 16
1 3 13 20 21
2 1 19
2 1 19
1 3 9 23 24
2 1 22
2 1 22
16 2
0 2 1 12
0 2 0 2
0 2 1 3
0 3 2 4 11
1 2 3 5
0 3 4 6 10
0 2 5 7
0 3 6 8 13
0 2 7 9
0 2 8 10
0 3 5 9 11
0 3 3 10 12
0 2 0 11
1 3 7 14 15
2 1 13
2 1 13
11 0
0 1 1
0 2 0 2
0 3 1 3 7
0 2 2 4
0 2 3 5
0 3 4 6 8
0 2 5 7
0 2 2 6
1 3 5 9 10
2 1 8
2 1 8
23 2
0 2 1 5
0 2 0 2
0 2 1 3
0 3 2 4 17
0 3 3 5 6
0 2 0 4
0 2 4 7
0 3 6 8 16
0 3 7 9 13
0 2 8 10
0 2 9 11
0 2 10 12
0 2 11 13
0 3 8 12 14
0 2 13 15
0 3 14 16 19
0 3 7 15 17
0 3 3 16 18
0 2 17 19
0 3 15 18 20
1 3 19 21 22
2 1 20
2 1 20
23 2
0 2 1 17
0 2 0 2
0 2 1 3
0 3 2 4 16
0 2 3 5
0 3 4 6 14
0 3 5 7 11
0 2 6 8
0 2 7 9
0 2 8 10
0 3 9 11 19
0 3 6 10 12
0 3 11 13 18
0 2 12 14
0 3 5 13 15
0 2 14 16
0 3 3 15 17
0 2 0 16
0 3 12 19 20
0 2 10 18
1 3 18 21 22
2 1 20
2 1 20
16 2
0 2 1 5
0 2 0 2
0 2 1 3
0 3 2 4 12
0 3 3 5 6
0 2 0 4
0 3 4 7 11
0 2 6 8
0 3 7 9 13
0 2 8 10
0 2 9 11
0 3 6 10 12
2 2 3 11
1 3 8 14 15
2 1 13
2 1 13
12 0
0 1 1
0 3 0 2 3
2 1 1
0 3 1 4 8
0 2 3 5
0 2 4 6
0 3 5 7 9
0 2 6 8
0 2 3 7
1 3 6 10 11
2 1 9
2 1 9
13 0
0 1 1
1 3 0 2 12
0 3 1 3 7
0 3 2 4 11
0 2 3 5
0 2 4 6
0 2 5 7
0 3 2 6 8
1 3 7 9 10
2 1 8
2 1 8
0 2 3 12
1 2 1 11
23 2
0 2 1 5
0 2 0 2
0 2 1 3
0 3 2 4 13
0 3 3 5 6
0 2 0 4
0 3 4 7 11
0 2 6 8
0 2 7 9
0 2 8 10
0 3 9 11 19
0 3 6 10 12
0 3 11 13 17
0 3 3 12 14
0 3 13 15 20
0 2 14 16
0 2 15 17
0 3 12 16 18
0 2 17 19
0 2 10 18
1 3 14 21 22
2 1 20
2 1 20
25 2
0 2 1 9
0 2 0 2
0 3 1 3 7
0 3 2 4 22
0 3 3 5 19
0 2 4 6
0 3 5 7 15
0 3 2 6 8
0 3 7 9 13
0 3 0 8 10
0 2 9 11
0 2 10 12
0 3 11 13 16
0 3 8 12 14
0 2 13 15
0 2 6 14
1 3 12 17 18
2 1 16
2 1 16
0 3 4 20 24
0 3 19 21 23
0 2 20 22
0 2 3 21
2 1 20
2 1 19
19 2
0 2 1 5
0 2 0 2
0 3 1 3 18
0 3 2 4 9
0 3 3 5 6
0 2 0 4
0 2 4 7
0 2 6 8
0 3 7 9 13
0 3 3 8 10
0 3 9 11 17
0 2 10 12
0 3 11 13 14
0 2 8 12
1 3 12 15 16
2 1 14
2 1 14
0 2 10 18
0 2 2 17
23 2
0 2 1 5
0 2 0 2
0 2 1 3
0 3 2 4 13
0 3 3 5 6
0 2 0 4
0 3 4 7 11
0 2 6 8
0 2 7 9
0 2 8 10
0 3 9 11 19
0 3 6 10 12
0 3 11 13 17
0 3 3 12 14
0 2 13 15
0 2 14 16
0 3 15 17 20
0 3 12 16 18
0 2 17 19
0 2 10 18
1 3 16 21 22
2 1 20
2 1 20
19 2
0 2 1 13
0 2 0 2
0 3 1 3 11
0 2 2 4
0 2 3 5
0 3 4 6 10
0 2 5 7
0 2 6 8
0 2 7 9
0 3 8 10 15
0 3 5 9 11
0 3 2 10 12
0 3 11 13 14
0 2 0 12
0 2 12 15
0 3 9 14 16
1 3 15 17 18
2 1 16
2 1 16
19 2
0 2 1 9
0 2 0 2
0 3 1 3 7
0 2 2 4
0 3 3 5 16
0 3 4 6 13
0 2 5 7
0 3 2 6 8
0 3 7 9 10
0 2 0 8
1 3 8 11 12
2 1 10
2 1 10
1 3 5 14 15
2 1 13
2 1 13
1 3 4 17 18
2 1 16
2 1 16
25 2
0 2 1 9
0 2 0 2
0 3 1 3 7
0 3 2 4 22
0 2 3 5
0 3 4 6 19
0 3 5 7 15
0 3 2 6 8
0 3 7 9 13
0 3 0 8 10
0 2 9 11
0 2 10 12
0 3 11 13 16
0 3 8 12 14
0 2 13 15
0 2 6 14
1 3 12 17 18
2 1 16
2 1 16
1 3 5 20 21
2 1 19
2 1 19
1 3 3 23 24
2 1 22
2 1 22
18 2
0 1 1
2 2 0 2
0 3 1 3 7
0 2 2 4
0 2 3 5
0 3 4 6 10
0 3 5 7 8
0 2 2 6
0 2 6 9
0 3 8 10 14
0 3 5 9 11
0 2 10 12
0 2 11 13
0 3 12 14 15
0 2 9 13
1 3 13 16 17
2 1 15
2 1 15
13 0
0 2 1 9
0 2 0 2
0 3 1 3 7
0 2 2 4
1 2 3 5
0 2 4 6
0 2 5 7
0 3 2 6 8
0 3 7 9 10
0 2 0 8
1 3 8 11 12
2 1 10
2 1 10
15 2
0 2 1 9
0 2 0 2
0 3 1 3 7
0 2 2 4
0 2 3 5
0 2 4 6
0 3 5 7 11
0 3 2 6 8
0 3 7 9 10
0 2 0 8
0 2 8 11
0 3 6 10 12
1 3 11 13 14
2 1 12
2 1 12
16 0
0 2 1 5
0 2 0 2
0 3 1 3 7
0 2 2 4
0 3 3 5 6
0 2 0 4
1 1 4
0 3 2 8 12
0 2 7 9
0 2 8 10
0 2 9 11
0 3 10 12 13
0 2 7 11
1 3 11 14 15
2 1 13
2 1 13
23 2
0 2 1 13
0 2 0 2
0 3 1 3 11
0 2 2 4
0 2 3 5
0 3 4 6 10
0 3 5 7 20
0 2 6 8
0 2 7 9
0 3 8 10 15
0 3 5 9 11
0 3 2 10 12
0 3 11 13 14
0 2 0 12
0 3 12 15 19
0 3 9 14 16
0 2 15 17
0 2 16 18
0 2 17 19
0 2 14 18
1 3 6 21 22
2 1 20
2 1 20
26 2
0 2 1 5
0 3 0 2 23
0 2 1 3
0 3 2 4 20
0 3 3 5 9
0 3 0 4 6
0 3 5 7 8
2 1 6
0 3 6 9 13
0 3 4 8 10
0 3 9 11 17
0 2 10 12
0 3 11 13 14
0 2 8 12
1 3 12 15 16
2 1 14
2 1 14
1 3 10 18 19
2 1 17
2 1 17
1 3 3 21 22
2 1 20
2 1 20
1 3 1 24 25
2 1 23
2 1 23
19 2
0 2 1 13
0 2 0 2
0 3 1 3 11
0 2 2 4
0 2 3 5
0 3 4 6 10
0 2 5 7
0 3 6 8 16
0 2 7 9
0 3 8 10 15
0 3 5 9 11
0 3 2 10 12
0 3 11 13 14
0 2 0 12
0 2 12 15
0 2 9 14
1 3 7 17 18
2 1 16
2 1 16
23 2
0 2 1 13
0 2 0 2
0 3 1 3 11
0 2 2 4
0 2 3 5
0 3 4 6 10
0 2 5 7
0 2 6 8
0 3 7 9 20
0 3 8 10 15
0 3 5 9 11
0 3 2 10 12
0 3 11 13 14
0 2 0 12
0 3 12 15 19
0 3 9 14 16
0 2 15 17
0 2 16 18
0 2 17 19
0 2 14 18
1 3 8 21 22
2 1 20
2 1 20
17 2
0 2 1 13
0 2 0 2
0 3 1 3 11
0 2 2 4
0 3 3 5 14
0 3 4 6 10
0 2 5 7
0 2 6 8
0 2 7 9
1 2 8 10
0 3 5 9 11
0 3 2 10 12
1 2 11 13
0 2 0 12
1 3 4 15 16
2 1 14
2 1 14
20 2
0 2 1 13
0 2 0 2
0 3 1 3 11
0 2 2 4
0 2 3 5
0 3 4 6 10
0 2 5 7
0 2 6 8
0 3 7 9 17
0 3 8 10 15
0 3 5 9 11
0 3 2 10 12
0 3 11 13 14
0 2 0 12
0 2 12 15
0 3 9 14 16
2 1 15
1 3 8 18 19
2 1 17
2 1 17
25 2
0 2 1 5
0 2 0 2
0 2 1 3
0 3 2 4 12
0 3 3 5 6
0 2 0 4
0 3 4 7 11
0 2 6 8
0 3 7 9 22
0 2 8 10
0 3 9 11 15
0 3 6 10 12
0 3 3 11 13
0 2 12 14
0 3 13 15 19
0 3 10 14 16
1 3 15 17 18
2 1 16
2 1 16
1 3 14 20 21
2 1 19
2 1 19
1 3 8 23 24
2 1 22
2 1 22
19 2
0 2 1 5
0 2 0 2
0 2 1 3
0 3 2 4 12
0 3 3 5 6
0 2 0 4
0 3 4 7 11
0 2 6 8
0 2 7 9
0 2 8 10
0 3 9 11 15
0 3 6 10 12
0 3 3 11 13
0 2 12 14
0 2 13 15
0 3 10 14 16
1 3 15 17 18
2 1 16
2 1 16
28 2
0 2 1 13
0 2 0 2
0 3 1 3 11
0 2 2 4
0 2 3 5
0 3 4 6 10
0 3 5 7 25
0 2 6 8
0 2 7 9
0 3 8 10 18
0 3 5 9 11
0 3 2 10 12
0 3 11 13 17
0 3 0 12 14
0 2 13 15
0 2 14 16
0 3 15 17 21
0 3 12 16 18
0 3 9 17 19
0 2 18 20
0 2 19 21
0 3 16 20 22
1 3 21 23 24
2 1 22
2 1 22
1 3 6 26 27
2 1 25
2 1 25
24 0
0 2 1 5
0 2 0 2
0 3 1 3 21
0 3 2 4 9
0 3 3 5 6
0 2 0 4
1 3 4 7 8
2 1 6
2 1 6
0 3 3 10 14
0 2 9 11
0 2 10 12
0 3 11 13 18
0 2 12 14
0 3 9 13 15
1 3 14 16 17
2 1 15
2 1 15
1 3 12 19 20
2 1 18
2 1 18
1 3 2 22 23
2 1 21
2 1 21
11 0
0 2 1 5
0 2 0 2
0 3 1 3 8
0 2 2 4
0 2 3 5
0 3 0 4 6
0 2 5 7
2 1 6
1 3 2 9 10
2 1 8
2 1 8
15 2
0 2 1 9
0 2 0 2
0 3 1 3 7
0 2 2 4
0 2 3 5
0 3 4 6 12
0 3 5 7 11
0 3 2 6 8
0 3 7 9 10
0 2 0 8
0 2 8 11
0 2 6 10
1 3 5 13 14
2 1 12
2 1 12
13 0
0 2 1 5
0 2 0 2
0 3 1 3 12
0 3 2 4 9
0 2 3 5
0 3 0 4 6
1 3 5 7 8
2 1 6
2 1 6
1 3 3 10 11
2 1 9
2 1 9
1 1 2
16 0
0 2 1 5
0 2 0 2
0 2 1 3
0 3 2 4 15
0 3 3 5 6
0 2 0 4
0 3 4 7 11
0 2 6 8
0 2 7 9
0 3 8 10 12
0 2 9 11
0 2 6 10
1 3 9 13 14
2 1 12
2 1 12
1 1 3
12 2
0 2 1 5
0 2 0 2
0 3 1 3 11
0 3 2 4 9
0 2 3 5
0 3 0 4 6
1 3 5 7 8
2 1 6
2 1 6
0 2 3 10
0 2 9 11
0 2 2 10
10 0
0 2 1 5
0 2 0 2
0 3 1 3 9
0 2 2 4
0 2 3 5
0 3 0 4 6
1 3 5 7 8
2 1 6
2 1 6
3 1 2
21 2
0 2 1 5
0 2 0 2
0 3 1 3 9
0 2 2 4
0 3 3 5 6
0 2 0 4
1 3 4 7 8
2 1 6
2 1 6
0 3 2 10 14
0 2 9 11
0 2 10 12
0 3 11 13 18
0 2 12 14
0 3 9 13 15
1 3 14 16 17
2 1 15
2 1 15
1 3 12 19 20
2 1 18
2 1 18
23 2
0 2 1 9
0 2 0 2
0 3 1 3 7
0 3 2 4 22
0 3 3 5 19
0 2 4 6
0 3 5 7 15
0 3 2 6 8
0 3 7 9 13
0 3 0 8 10
0 2 9 11
0 2 10 12
0 3 11 13 16
0 3 8 12 14
0 2 13 15
0 2 6 14
1 3 12 17 18
2 1 16
2 1 16
0 2 4 20
0 2 19 21
0 2 20 22
0 2 3 21
21 0
0 2 1 5
0 2 0 2
0 2 1 3
0 3 2 4 18
0 3 3 5 6
0 2 0 4
0 3 4 7 11
0 2 6 8
0 2 7 9
0 3 8 10 15
0 2 9 11
0 3 6 10 12
1 3 11 13 14
2 1 12
2 1 12
1 3 9 16 17
2 1 15
2 1 15
1 3 3 19 20
2 1 18
2 1 18
13 0
0 1 1
1 3 0 2 9
0 3 1 3 7
0 2 2 4
0 2 3 5
0 3 4 6 10
0 2 5 7
0 3 2 6 8
0 2 7 9
1 2 1 8
1 3 5 11 12
2 1 10
2 1 10
25 2
0 2 1 5
0 2 0 2
0 2 1 3
0 3 2 4 12
0 3 3 5 6
0 2 0 4
0 3 4 7 11
0 2 6 8
0 3 7 9 22
0 2 8 10
0 3 9 11 15
0 3 6 10 12
0 3 3 11 13
0 3 12 14 19
0 3 13 15 16
0 2 10 14
1 3 14 17 18
2 1 16
2 1 16
1 3 13 20 21
2 1 19
2 1 19
1 3 8 23 24
2 1 22
2 1 22
21 2
0 2 1 5
0 2 0 2
0 2 1 3
0 3 2 4 9
0 3 3 5 6
0 2 0 4
0 2 4 7
0 2 6 8
0 3 7 9 13
0 3 3 8 10
0 2 9 11
0 3 10 12 18
0 3 11 13 17
0 3 8 12 14
0 2 13 15
0 2 14 16
0 2 15 17
0 2 12 16
1 3 11 19 20
2 1 18
2 1 18
17 0
0 1 1
0 3 0 2 6
0 2 1 3
0 2 2 4
0 2 3 5
0 2 4 6
0 3 1 5 7
0 3 6 8 12
0 2 7 9
0 2 8 10
0 3 9 11 14
0 3 10 12 13
0 2 7 11
0 1 11
1 3 10 15 16
2 1 14
2 1 14
11 0
0 2 1 5
0 2 0 2
0 3 1 3 8
0 3 2 4 7
0 2 3 5
0 3 0 4 6
3 1 5
3 1 3
1 3 2 9 10
2 1 8
2 1 8
19 2
0 2 1 13
0 2 0 2
0 3 1 3 11
0 2 2 4
0 2 3 5
0 3 4 6 10
0 2 5 7
0 3 6 8 16
0 2 7 9
0 3 8 10 15
0 3 5 9 11
0 3 2 10 12
0 3 11 13 14
0 2 0 12
0 2 12 15
0 2 9 14
1 3 7 17 18
2 1 16
2 1 16
20 2
0 2 1 5
0 2 0 2
0 3 1 3 16
0 3 2 4 9
0 3 3 5 6
0 2 0 4
1 3 4 7 8
2 1 6
2 1 6
1 2 3 10
0 3 9 11 15
0 2 10 12
0 2 11 13
0 3 12 14 17
0 2 13 15
0 3 10 14 16
1 2 2 15
1 3 13 18 19
2 1 17
2 1 17
21 2
0 2 1 5
0 2 0 2
0 3 1 3 9
0 2 2 4
0 3 3 5 6
0 2 0 4
1 3 4 7 8
2 1 6
2 1 6
0 3 2 10 14
0 2 9 11
0 2 10 12
0 3 11 13 18
0 3 12 14 15
0 2 9 13
1 3 13 16 17
2 1 15
2 1 15
1 3 12 19 20
2 1 18
2 1 18
15 2
0 2 1 9
0 2 0 2
0 3 1 3 14
0 3 2 4 8
0 3 3 5 13
0 2 4 6
0 2 5 7
0 3 6 8 10
0 3 3 7 9
0 2 0 8
1 3 7 11 12
2 1 10
2 1 10
0 2 4 14
0 2 2 13
14 0
0 2 1 5
0 2 0 2
0 3 1 3 12
0 3 2 4 9
0 2 3 5
0 3 0 4 6
1 3 5 7 8
2 1 6
2 1 6
1 3 3 10 11
2 1 9
2 1 9
1 2 2 13
1 1 12
11 0
0 1 1
2 2 0 2
0 3 1 3 7
0 2 2 4
0 2 3 5
0 2 4 6
0 2 5 7
0 3 2 6 8
1 3 7 9 10
2 1 8
2 1 8
19 0
0 2 1 5
0 2 0 2
0 2 1 3
0 3 2 4 6
0 2 3 5
0 2 0 4
0 2 3 7
0 2 6 8
0 3 7 9 10
2 1 8
0 3 8 11 15
0 2 10 12
0 2 11 13
0 3 12 14 16
0 2 13 15
0 2 10 14
1 3 13 17 18
2 1 16
2 1 16
11 0
0 2 1 5
0 2 0 2
0 2 1 3
0 3 2 4 8
0 3 3 5 6
0 2 0 4
0 2 4 7
2 1 6
1 3 3 9 10
2 1 8
2 1 8
21 0
0 2 1 5
0 3 0 2 20
0 3 1 3 8
0 2 2 4
0 3 3 5 7
0 3 0 4 6
5 1 5
5 1 4
2 2 2 9
0 3 8 10 14
0 3 9 11 20
0 2 10 12
0 3 11 13 19
0 3 12 14 16
0 3 9 13 15
5 1 14
1 3 13 17 18
2 1 16
2 1 16
5 1 12
2 2 1 10
22 2
0 2 1 9
0 2 0 2
0 3 1 3 7
0 2 2 4
0 3 3 5 19
0 2 4 6
0 3 5 7 15
0 3 2 6 8
0 3 7 9 13
0 3 0 8 10
0 2 9 11
0 3 10 12 16
0 2 11 13
0 3 8 12 14
0 2 13 15
0 2 6 14
1 3 11 17 18
2 1 16
2 1 16
1 3 4 20 21
2 1 19
2 1 19
11 0
0 2 1 5
0 2 0 2
0 3 1 3 10
0 3 2 4 9
0 2 3 5
0 3 0 4 6
1 3 5 7 8
2 1 6
2 1 6
5 1 3
3 1 2
20 2
0 2 1 13
0 2 0 2
0 3 1 3 11
0 2 2 4
0 2 3 5
0 3 4 6 10
0 3 5 7 17
0 2 6 8
0 3 7 9 16
0 3 8 10 15
0 3 5 9 11
0 3 2 10 12
0 3 11 13 14
0 2 0 12
0 2 12 15
0 2 9 14
2 1 8
1 3 6 18 19
2 1 17
2 1 17
22 2
0 2 1 5
0 2 0 2
0 2 1 3
0 3 2 4 12
0 3 3 5 6
0 2 0 4
0 3 4 7 11
0 2 6 8
0 2 7 9
0 2 8 10
0 3 9 11 15
0 3 6 10 12
0 3 3 11 13
0 2 12 14
0 3 13 15 19
0 3 10 14 16
1 3 15 17 18
2 1 16
2 1 16
1 3 14 20 21
2 1 19
2 1 19
13 0
0 1 1
1 3 0 2 9
1 2 1 3
0 3 2 4 8
0 2 3 5
0 3 4 6 10
0 2 5 7
0 2 6 8
0 3 3 7 9
0 2 1 8
1 3 5 11 12
2 1 10
2 1 10
11 0
0 2 1 5
0 2 0 2
0 3 1 3 10
0 3 2 4 7
0 2 3 5
0 3 0 4 6
5 1 5
1 3 3 8 9
2 1 7
2 1 7
1 1 2
16 2
0 2 1 9
0 2 0 2
0 3 1 3 7
0 2 2 4
0 2 3 5
0 2 4 6
0 3 5 7 13
0 3 2 6 8
0 3 7 9 10
0 2 0 8
1 3 8 11 12
2 1 10
2 1 10
1 3 6 14 15
2 1 13
2 1 13
11 0
0 2 1 5
0 2 0 2
0 3 1 3 8
0 3 2 4 7
0 3 3 5 6
0 2 0 4
5 1 4
5 1 3
1 3 2 9 10
2 1 8
2 1 8
20 0
0 2 1 5
0 3 0 2 17
0 3 1 3 16
0 2 2 4
0 3 3 5 13
0 3 0 4 6
2 2 5 7
0 3 6 8 12
0 2 7 9
0 3 8 10 15
0 3 9 11 14
0 2 10 12
0 3 7 11 13
2 2 4 12
5 1 10
5 1 9
5 1 2
1 3 1 18 19
2 1 17
2 1 17
12 0
0 1 1
0 2 0 2
2 2 1 3
0 3 2 4 8
0 2 3 5
0 2 4 6
0 2 5 7
0 2 6 8
0 3 3 7 9
1 3 8 10 11
2 1 9
2 1 9
11 0
0 2 1 5
0 2 0 2
0 3 1 3 10
0 3 2 4 7
0 2 3 5
0 3 0 4 6
5 1 5
1 3 3 8 9
2 1 7
2 1 7
5 1 2
16 2
0 2 1 5
0 2 0 2
0 3 1 3 7
0 2 2 4
0 3 3 5 6
0 2 0 4
1 1 4
0 3 2 8 12
0 2 7 9
0 2 8 10
0 3 9 11 13
0 2 10 12
0 2 7 11
1 3 10 14 15
2 1 13
2 1 13
16 2
0 2 1 5
0 2 0 2
0 3 1 3 15
0 2 2 4
0 2 3 5
0 3 0 4 6
0 3 5 7 11
0 2 6 8
0 2 7 9
0 3 8 10 12
0 2 9 11
0 2 6 10
1 3 9 13 14
2 1 12
2 1 12
1 1 2
13 0
0 1 1
0 3 0 2 9
1 2 1 3
0 3 2 4 8
0 2 3 5
0 3 4 6 10
0 2 5 7
0 2 6 8
0 3 3 7 9
1 2 1 8
1 3 5 11 12
2 1 10
2 1 10
15 2
0 2 1 9
0 2 0 2
0 3 1 3 7
0 2 2 4
0 2 3 5
0 3 4 6 12
0 3 5 7 11
0 3 2 6 8
0 3 7 9 10
0 2 0 8
0 2 8 11
0 2 6 10
1 3 5 13 14
2 1 12
2 1 12
20 2
0 2 1 5
0 2 0 2
0 3 1 3 16
0 3 2 4 9
0 2 3 5
0 3 0 4 6
1 3 5 7 8
2 1 6
2 1 6
1 2 3 10
0 3 9 11 15
0 2 10 12
0 2 11 13
0 3 12 14 17
0 2 13 15
0 3 10 14 16
1 2 2 15
1 3 13 18 19
2 1 17
2 1 17
12 0
0 1 1
0 3 0 2 5
1 2 1 3
0 2 2 4
0 3 3 5 9
1 3 1 4 6
0 2 5 7
0 2 6 8
2 1 7
1 3 4 10 11
2 1 9
2 1 9
12 2
0 2 1 8
0 2 0 2
0 3 1 3 6
0 2 2 4
1 2 3 5
1 2 4 6
0 3 2 5 7
0 3 6 8 9
0 2 0 7
1 3 7 10 11
2 1 9
2 1 9
22 2
0 2 1 5
0 2 0 2
0 2 1 3
0 3 2 4 12
0 3 3 5 6
0 2 0 4
0 3 4 7 11
0 2 6 8
0 3 7 9 19
0 2 8 10
0 3 9 11 15
0 3 6 10 12
0 3 3 11 13
0 2 12 14
0 3 13 15 16
0 2 10 14
1 3 14 17 18
2 1 16
2 1 16
1 3 8 20 21
2 1 19
2 1 19
15 2
0 2 1 9
0 2 0 2
0 3 1 3 14
0 3 2 4 8
0 3 3 5 13
0 2 4 6
0 2 5 7
0 3 6 8 10
0 3 3 7 9
0 2 0 8
1 3 7 11 12
2 1 10
2 1 10
0 2 4 14
0 2 2 13
12 0
0 2 1 11
0 2 0 2
0 3 1 3 6
0 3 2 4 10
1 2 3 5
0 3 4 6 7
1 2 2 5
1 3 5 8 9
2 1 7
2 1 7
0 2 3 11
0 2 0 10
14 0
0 1 1
2 2 0 2
0 3 1 3 7
0 2 2 4
0 2 3 5
0 3 4 6 11
0 2 5 7
0 3 2 6 8
1 3 7 9 10
2 1 8
2 1 8
1 3 5 12 13
2 1 11
2 1 11
12 0
0 2 1 5
0 2 0 2
0 3 1 3 11
0 3 2 4 9
0 2 3 5
0 3 0 4 6
1 3 5 7 8
2 1 6
2 1 6
1 2 3 10
0 2 9 11
0 2 2 10
20 2
0 2 1 9
0 2 0 2
0 3 1 3 7
0 3 2 4 17
0 2 3 5
0 2 4 6
0 3 5 7 15
0 3 2 6 8
0 3 7 9 13
0 3 0 8 10
0 2 9 11
0 2 10 12
0 3 11 13 16
0 3 8 12 14
0 2 13 15
0 2 6 14
2 1 12
1 3 3 18 19
2 1 17
2 1 17
20 2
0 1 1
0 3 0 2 3
2 1 1
1 2 1 4
0 3 3 5 9
0 2 4 6
0 2 5 7
0 3 6 8 12
0 3 7 9 10
0 2 4 8
0 2 8 11
0 3 10 12 16
0 3 7 11 13
0 2 12 14
0 2 13 15
0 3 14 16 17
0 2 11 15
1 3 15 18 19
2 1 17
2 1 17
20 2
0 2 1 9
0 2 0 2
0 3 1 3 7
0 2 2 4
0 2 3 5
0 3 4 6 19
0 3 5 7 15
0 3 2 6 8
0 3 7 9 13
0 3 0 8 10
0 2 9 11
0 2 10 12
0 3 11 13 16
0 3 8 12 14
0 2 13 15
0 2 6 14
1 3 12 17 18
2 1 16
2 1 16
2 1 5
14 0
0 2 1 5
0 3 0 2 11
0 2 1 3
0 3 2 4 10
0 3 3 5 9
0 3 0 4 6
1 3 5 7 8
2 1 6
2 1 6
1 1 4
6 1 3
1 3 1 12 13
2 1 11
2 1 11
26 2
0 2 1 5
0 2 0 2
0 2 1 3
0 3 2 4 13
0 3 3 5 6
0 2 0 4
0 3 4 7 11
0 2 6 8
0 2 7 9
0 3 8 10 23
0 3 9 11 19
0 3 6 10 12
0 3 11 13 17
0 3 3 12 14
0 3 13 15 20
0 2 14 16
0 2 15 17
0 3 12 16 18
0 2 17 19
0 2 10 18
1 3 14 21 22
2 1 20
2 1 20
1 3 9 24 25
2 1 23
2 1 23
24 2
0 2 1 5
0 2 0 2
0 3 1 3 21
0 3 2 4 18
0 2 3 5
0 3 0 4 6
0 3 5 7 11
0 2 6 8
0 2 7 9
0 3 8 10 15
0 3 9 11 12
0 2 6 10
1 3 10 13 14
2 1 12
2 1 12
1 3 9 16 17
2 1 15
2 1 15
1 3 3 19 20
2 1 18
2 1 18
1 3 2 22 23
2 1 21
2 1 21
22 2
0 2 1 9
0 2 0 2
0 3 1 3 7
0 2 2 4
0 3 3 5 19
0 2 4 6
0 3 5 7 15
0 3 2 6 8
0 3 7 9 13
0 3 0 8 10
0 2 9 11
0 3 10 12 16
0 2 11 13
0 3 8 12 14
0 2 13 15
0 2 6 14
1 3 11 17 18
2 1 16
2 1 16
1 3 4 20 21
2 1 19
2 1 19
22 2
0 2 1 13
0 2 0 2
0 3 1 3 11
0 2 2 4
0 2 3 5
0 3 4 6 10
0 3 5 7 19
0 2 6 8
0 3 7 9 16
0 3 8 10 15
0 3 5 9 11
0 3 2 10 12
0 3 11 13 14
0 2 0 12
0 2 12 15
0 2 9 14
1 3 8 17 18
2 1 16
2 1 16
1 3 6 20 21
2 1 19
2 1 19
19 2
0 2 1 9
0 2 0 2
0 3 1 3 7
0 2 2 4
0 2 3 5
0 2 4 6
0 3 5 7 11
0 3 2 6 8
0 3 7 9 10
0 2 0 8
0 3 8 11 15
0 3 6 10 12
0 2 11 13
0 3 12 14 16
0 2 13 15
0 2 10 14
1 3 13 17 18
2 1 16
2 1 16
23 2
0 1 1
0 3 0 2 3
2 1 1
2 2 1 4
0 3 3 5 17
0 2 4 6
0 3 5 7 20
0 3 6 8 16
0 2 7 9
0 2 8 10
0 3 9 11 15
0 2 10 12
0 2 11 13
0 2 12 14
0 3 13 15 19
0 3 10 14 16
0 3 7 15 17
0 3 4 16 18
0 2 17 19
0 2 14 18
1 3 6 21 22
2 1 20
2 1 20
22 2
0 2 1 9
0 2 0 2
0 3 1 3 7
0 3 2 4 19
0 2 3 5
0 2 4 6
0 3 5 7 15
0 3 2 6 8
0 3 7 9 13
0 3 0 8 10
0 2 9 11
0 2 10 12
0 3 11 13 16
0 3 8 12 14
0 2 13 15
0 2 6 14
1 3 12 17 18
2 1 16
2 1 16
1 3 3 20 21
2 1 19
2 1 19
11 0
0 1 1
2 2 0 2
0 3 1 3 7
0 2 2 4
0 2 3 5
0 3 4 6 8
0 2 5 7
0 2 2 6
1 3 5 9 10
2 1 8
2 1 8
13 2
0 2 1 5
0 2 0 2
0 3 1 3 12
0 3 2 4 9
0 2 3 5
0 3 0 4 6
1 3 5 7 8
2 1 6
2 1 6
1 3 3 10 11
2 1 9
2 1 9
3 1 2
17 2
0 2 1 5
0 2 0 2
0 2 1 3
0 3 2 4 13
0 3 3 5 6
0 2 0 4
1 2 4 7
0 3 6 8 12
0 2 7 9
0 2 8 10
0 2 9 11
0 3 10 12 14
0 3 7 11 13
1 2 3 12
1 3 11 15 16
2 1 14
2 1 14
24 2
0 2 1 5
0 2 0 2
0 3 1 3 12
0 3 2 4 9
0 2 3 5
0 3 0 4 6
1 3 5 7 8
2 1 6
2 1 6
1 3 3 10 11
2 1 9
2 1 9
0 3 2 13 17
0 2 12 14
0 2 13 15
0 3 14 16 21
0 2 15 17
0 3 12 16 18
1 3 17 19 20
2 1 18
2 1 18
1 3 15 22 23
2 1 21
2 1 21
12 2
0 2 1 8
0 2 0 2
0 3 1 3 9
0 2 2 4
0 3 3 5 8
1 2 4 6
1 2 5 7
0 2 6 8
0 3 0 4 7
1 3 2 10 11
2 1 9
2 1 9
21 2
0 2 1 5
0 2 0 2
0 3 1 3 18
0 2 2 4
0 2 3 5
0 3 0 4 6
0 3 5 7 11
0 2 6 8
0 2 7 9
0 3 8 10 15
0 3 9 11 12
0 2 6 10
1 3 10 13 14
2 1 12
2 1 12
1 3 9 16 17
2 1 15
2 1 15
1 3 2 19 20
2 1 18
2 1 18
22 2
0 2 1 9
0 2 0 2
0 3 1 3 7
0 3 2 4 19
0 2 3 5
0 2 4 6
0 3 5 7 11
0 3 2 6 8
0 3 7 9 10
0 2 0 8
0 3 8 11 15
0 3 6 10 12
0 2 11 13
0 3 12 14 16
0 2 13 15
0 2 10 14
1 3 13 17 18
2 1 16
2 1 16
1 3 3 20 21
2 1 19
2 1 19
22 0
0 2 1 5
0 3 0 2 21
0 3 1 3 8
0 2 2 4
0 3 3 5 7
0 3 0 4 6
5 1 5
5 1 4
2 2 2 9
0 3 8 10 14
0 3 9 11 21
0 3 10 12 20
0 3 11 13 17
0 3 12 14 16
0 3 9 13 15
5 1 14
5 1 13
1 3 12 18 19
2 1 17
2 1 17
5 1 11
2 2 1 10
12 2
0 2 1 5
0 2 0 2
0 3 1 3 11
0 3 2 4 9
0 2 3 5
0 3 0 4 6
1 3 5 7 8
2 1 6
2 1 6
0 2 3 10
0 2 9 11
0 2 2 10
20 2
0 2 1 5
0 2 0 2
0 3 1 3 12
0 3 2 4 9
0 3 3 5 6
0 2 0 4
1 3 4 7 8
2 1 6
2 1 6
1 2 3 10
0 3 9 11 16
0 3 10 12 13
1 2 2 11
0 2 11 14
0 2 13 15
0 2 14 16
0 3 10 15 17
1 3 16 18 19
2 1 17
2 1 17
13 2
0 1 1
1 3 0 2 5
1 2 1 3
0 3 2 4 9
0 3 3 5 6
0 2 1 4
0 2 4 7
0 2 6 8
0 2 7 9
0 3 3 8 10
1 3 9 11 12
2 1 10
2 1 10
22 0
0 2 1 5
0 2 0 2
0 3 1 3 19
0 2 2 4
0 2 3 5
0 3 0 4 6
0 2 5 7
0 2 6 8
0 3 7 9 10
2 1 8
0 3 8 11 15
0 2 10 12
0 2 11 13
0 3 12 14 16
0 2 13 15
0 2 10 14
1 3 13 17 18
2 1 16
2 1 16
1 3 2 20 21
2 1 19
2 1 19
28 2
0 2 1 13
0 2 0 2
0 3 1 3 11
0 2 2 4
0 2 3 5
0 3 4 6 10
0 3 5 7 25
0 2 6 8
0 2 7 9
0 3 8 10 18
0 3 5 9 11
0 3 2 10 12
0 3 11 13 17
0 3 0 12 14
0 2 13 15
0 2 14 16
0 3 15 17 21
0 3 12 16 18
0 3 9 17 19
0 3 18 20 22
0 2 19 21
0 2 16 20
1 3 19 23 24
2 1 22
2 1 22
1 3 6 26 27
2 1 25
2 1 25
11 0
0 2 1 5
0 2 0 2
0 3 1 3 10
0 3 2 4 7
0 2 3 5
0 3 0 4 6
1 1 5
1 3 3 8 9
2 1 7
2 1 7
1 1 2
14 0
0 1 1
0 3 0 2 10
0 2 1 3
0 2 2 4
0 3 3 5 9
0 2 4 6
0 2 5 7
0 2 6 8
0 3 7 9 11
0 3 4 8 10
1 2 1 9
1 3 8 12 13
2 1 11
2 1 11
22 2
0 2 1 9
0 2 0 2
0 3 1 3 7
0 2 2 4
0 2 3 5
0 3 4 6 19
0 3 5 7 15
0 3 2 6 8
0 3 7 9 13
0 3 0 8 10
0 2 9 11
0 2 10 12
0 3 11 13 16
0 3 8 12 14
0 2 13 15
0 2 6 14
1 3 12 17 18
2 1 16
2 1 16
1 3 5 20 21
2 1 19
2 1 19
22 2
0 2 1 9
0 2 0 2
0 3 1 3 7
0 3 2 4 19
0 2 3 5
0 2 4 6
0 3 5 7 11
0 3 2 6 8
0 3 7 9 10
0 2 0 8
0 3 8 11 15
0 3 6 10 12
0 2 11 13
0 2 12 14
0 2 13 15
0 3 10 14 16
1 3 15 17 18
2 1 16
2 1 16
1 3 3 20 21
2 1 19
2 1 19
13 0
0 2 1 5
0 2 0 2
0 3 1 3 10
0 3 2 4 7
0 2 3 5
0 3 0 4 6
3 1 5
1 3 3 8 9
2 1 7
2 1 7
1 3 2 11 12
2 1 10
2 1 10
12 0
0 2 1 5
0 2 0 2
0 3 1 3 11
0 3 2 4 9
0 2 3 5
0 3 0 4 6
1 3 5 7 8
2 1 6
2 1 6
0 2 3 10
0 2 9 11
1 2 2 10
21 2
0 2 1 5
0 2 0 2
0 2 1 3
0 3 2 4 13
0 3 3 5 6
0 2 0 4
0 3 4 7 11
0 2 6 8
0 2 7 9
0 2 8 10
0 2 9 11
0 3 6 10 12
0 3 11 13 17
0 3 3 12 14
0 2 13 15
0 2 14 16
0 3 15 17 18
0 2 12 16
1 3 16 19 20
2 1 18
2 1 18
16 0
0 2 1 12
0 2 0 2
0 2 1 3
0 3 2 4 11
1 2 3 5
0 3 4 6 10
0 2 5 7
0 2 6 8
0 3 7 9 13
0 2 8 10
0 3 5 9 11
0 3 3 10 12
0 2 0 11
1 3 8 14 15
2 1 13
2 1 13
